1.40991	5.78798335E+06
4.31921	4.14511685E+08
5.23252	5.61278777E+08
5.73276	6.30309890E+08
6.12087	6.78123047E+08
6.45661	7.15571027E+08
6.76041	7.46476813E+08
7.04194	7.72724183E+08
7.30678	7.95431161E+08
7.55851	8.15331858E+08
7.79965	8.32945386E+08
8.03196	8.48648413E+08
8.25683	8.62732509E+08
8.47529	8.75422728E+08
8.68822	8.86902764E+08
8.89622	8.97316270E+08
9.09987	9.06786983E+08
9.29961	9.15416508E+08
9.49583	9.23291958E+08
9.68886	9.30487809E+08
9.87892	9.37066249E+08
10.0663	9.43085054E+08
10.2513	9.48595786E+08
10.4339	9.53635640E+08
10.6144	9.58247002E+08
10.7929	9.62462848E+08
10.9696	9.66315318E+08
11.1446	9.69831301E+08
11.3179	9.73033555E+08
11.4896	9.75944908E+08
11.6599	9.78587664E+08
11.8289	9.80980426E+08
11.9966	9.83138956E+08
12.1629	9.85076906E+08
12.3282	9.86812413E+08
12.4924	9.88356569E+08
12.6555	9.89720940E+08
12.8177	9.90917776E+08
12.979	9.91956742E+08
13.1393	9.92846437E+08
13.299	9.93597411E+08
13.4577	9.94215636E+08
13.6157	9.94709822E+08
13.7731	9.95086955E+08
13.9297	9.95352975E+08
14.0857	9.95514302E+08
14.2411	9.95576494E+08
14.3959	9.95544822E+08
14.5501	9.95424284E+08
14.7038	9.95219457E+08
14.8571	9.94934470E+08
15.0099	9.94573562E+08
15.1625	9.94139735E+08
15.3145	9.93637727E+08
15.466	9.93070836E+08
15.6172	9.92441573E+08
15.7681	9.91752921E+08
15.9189	9.91006700E+08
16.0692	9.90207608E+08
16.2193	9.89356703E+08
16.3689	9.88458212E+08
16.5185	9.87511451E+08
16.6678	9.86520437E+08
16.817	9.85485920E+08
16.9658	9.84412007E+08
17.1147	9.83296950E+08
17.2633	9.82145485E+08
17.4117	9.80958623E+08
17.5598	9.79738867E+08
17.708	9.78484454E+08
17.8562	9.77197601E+08
18.0042	9.75881456E+08
18.152	9.74537437E+08
18.2998	9.73165025E+08
18.4475	9.71766369E+08
18.5951	9.70342670E+08
18.7425	9.68896068E+08
18.8901	9.67423698E+08
19.0378	9.65927504E+08
19.1853	9.64411531E+08
19.3327	9.62875760E+08
19.4802	9.61319017E+08
19.6274	9.59746436E+08
19.775	9.58151362E+08
19.9225	9.56539956E+08
20.0697	9.54915255E+08
20.2172	9.53271388E+08
20.3647	9.51612377E+08
20.5122	9.49938924E+08
20.6597	9.48251704E+08
20.8073	9.46550211E+08
20.9549	9.44836213E+08
21.1026	9.43109144E+08
21.2505	9.41368384E+08
21.3983	9.39618021E+08
21.5461	9.37857426E+08
21.694	9.36085925E+08
21.8419	9.34305215E+08
21.9897	9.32516998E+08
22.1378	9.30716892E+08
